29 72 84 134 201 232 269 298 363 406 440 489 528 569
30 73 85 135 202 233 270 299 364 407 441 490 529 570
31 74 86 136 203 234 271 300 365 408 442 491 530 571
32 75 87 137 204 235 272 301 366 409 443 492 531 572
33 76 88 138 205 236 273 302 367 410 444 493 532 573
34 77 89 139 206 237 274 303 368 411 445 494 533 574
35 78 90 140 207 238 275 304 369 412 446 495 534 575
36 79 91 141 208 239 276 305 370 413 447 496 535 576
37 80 92 142 209 240 277 306 371 414 448 497 536 577
38 81 93 143 168 241 278 307 372 415 449 498 537 578
39 82 94 144 169 242 279 308 373 416 450 499 538 579
40 83 95 145 170 243 280 309 374 417 451 500 539 580
41 42 96 146 171 244 281 310 375 418 452 501 540 581
0 43 97 147 172 245 282 311 376 419 453 502 541 582
1 44 98 148 173 246 283 312 377 378 454 503 542 583
2 45 99 149 174 247 284 313 336 379 455 462 543 584
3 46 100 150 175 248 285 314 337 380 456 463 544 585
4 47 101 151 176 249 286 315 338 381 457 464 545 586
5 48 102 152 177 250 287 316 339 382 458 465 504 587
6 49 103 153 178 251 288 317 340 383 459 466 505 546
7 50 104 154 179 210 289 318 341 384 460 467 506 547
8 51 105 155 180 211 290 319 342 385 461 468 507 548
9 52 106 156 181 212 291 320 343 386 420 469 508 549
10 53 107 157 182 213 292 321 344 387 421 470 509 550
11 54 108 158 183 214 293 322 345 388 422 471 510 551
12 55 109 159 184 215 252 323 346 389 423 472 511 552
13 56 110 160 185 216 253 324 347 390 424 473 512 553
14 57 111 161 186 217 254 325 348 391 425 474 513 554
15 58 112 162 187 218 255 326 349 392 426 475 514 555
16 59 113 163 188 219 256 327 350 393 427 476 515 556
17 60 114 164 189 220 257 328 351 394 428 477 516 557
18 61 115 165 190 221 258 329 352 395 429 478 517 558
19 62 116 166 191 222 259 330 353 396 430 479 518 559
20 63 117 167 192 223 260 331 354 397 431 480 519 560
21 64 118 126 193 224 261 332 355 398 432 481 520 561
22 65 119 127 194 225 262 333 356 399 433 482 521 562
23 66 120 128 195 226 263 334 357 400 434 483 522 563
24 67 121 129 196 227 264 335 358 401 435 484 523 564
25 68 122 130 197 228 265 294 359 402 436 485 524 565
26 69 123 131 198 229 266 295 360 403 437 486 525 566
27 70 124 132 199 230 267 296 361 404 438 487 526 567
28 71 125 133 200 231 268 297 362 405 439 488 527 568
37 73 102 149 179 231 258 314 368 387 432 491 514 546 601
38 74 103 150 180 232 259 315 369 388 433 492 515 547 602
39 75 104 151 181 233 260 316 370 389 434 493 516 548 603
40 76 105 152 182 234 261 317 371 390 435 494 517 549 604
41 77 106 153 183 235 262 318 372 391 436 495 518 550 605
0 78 107 154 184 236 263 319 373 392 437 496 519 551 606
1 79 108 155 185 237 264 320 374 393 438 497 520 552 607
2 80 109 156 186 238 265 321 375 394 439 498 521 553 608
3 81 110 157 187 239 266 322 376 395 440 499 522 554 609
4 82 111 158 188 240 267 323 377 396 441 500 523 555 610
5 83 112 159 189 241 268 324 336 397 442 501 524 556 611
6 42 113 160 190 242 269 325 337 398 443 502 525 557 612
7 43 114 161 191 243 270 326 338 399 444 503 526 558 613
8 44 115 162 192 244 271 327 339 400 445 462 527 559 614
9 45 116 163 193 245 272 328 340 401 446 463 528 560 615
10 46 117 164 194 246 273 329 341 402 447 464 529 561 616
11 47 118 165 195 247 274 330 342 403 448 465 530 562 617
12 48 119 166 196 248 275 331 343 404 449 466 531 563 618
13 49 120 167 197 249 276 332 344 405 450 467 532 564 619
14 50 121 126 198 250 277 333 345 406 451 468 533 565 620
15 51 122 127 199 251 278 334 346 407 452 469 534 566 621
16 52 123 128 200 210 279 335 347 408 453 470 535 567 622
17 53 124 129 201 211 280 294 348 409 454 471 536 568 623
18 54 125 130 202 212 281 295 349 410 455 472 537 569 624
19 55 84 131 203 213 282 296 350 411 456 473 538 570 625
20 56 85 132 204 214 283 297 351 412 457 474 539 571 626
21 57 86 133 205 215 284 298 352 413 458 475 540 572 627
22 58 87 134 206 216 285 299 353 414 459 476 541 573 628
23 59 88 135 207 217 286 300 354 415 460 477 542 574 629
24 60 89 136 208 218 287 301 355 416 461 478 543 575 588
25 61 90 137 209 219 288 302 356 417 420 479 544 576 589
26 62 91 138 168 220 289 303 357 418 421 480 545 577 590
27 63 92 139 169 221 290 304 358 419 422 481 504 578 591
28 64 93 140 170 222 291 305 359 378 423 482 505 579 592
29 65 94 141 171 223 292 306 360 379 424 483 506 580 593
30 66 95 142 172 224 293 307 361 380 425 484 507 581 594
31 67 96 143 173 225 252 308 362 381 426 485 508 582 595
32 68 97 144 174 226 253 309 363 382 427 486 509 583 596
33 69 98 145 175 227 254 310 364 383 428 487 510 584 597
34 70 99 146 176 228 255 311 365 384 429 488 511 585 598
35 71 100 147 177 229 256 312 366 385 430 489 512 586 599
36 72 101 148 178 230 257 313 367 386 431 490 513 587 600
25 64 88 160 199 213 266 309 340 380 434 480 517 559 610 654
26 65 89 161 200 214 267 310 341 381 435 481 518 560 611 655
27 66 90 162 201 215 268 311 342 382 436 482 519 561 612 656
28 67 91 163 202 216 269 312 343 383 437 483 520 562 613 657
29 68 92 164 203 217 270 313 344 384 438 484 521 563 614 658
30 69 93 165 204 218 271 314 345 385 439 485 522 564 615 659
31 70 94 166 205 219 272 315 346 386 440 486 523 565 616 660
32 71 95 167 206 220 273 316 347 387 441 487 524 566 617 661
33 72 96 126 207 221 274 317 348 388 442 488 525 567 618 662
34 73 97 127 208 222 275 318 349 389 443 489 526 568 619 663
35 74 98 128 209 223 276 319 350 390 444 490 527 569 620 664
36 75 99 129 168 224 277 320 351 391 445 491 528 570 621 665
37 76 100 130 169 225 278 321 352 392 446 492 529 571 622 666
38 77 101 131 170 226 279 322 353 393 447 493 530 572 623 667
39 78 102 132 171 227 280 323 354 394 448 494 531 573 624 668
40 79 103 133 172 228 281 324 355 395 449 495 532 574 625 669
41 80 104 134 173 229 282 325 356 396 450 496 533 575 626 670
0 81 105 135 174 230 283 326 357 397 451 497 534 576 627 671
1 82 106 136 175 231 284 327 358 398 452 498 535 577 628 630
2 83 107 137 176 232 285 328 359 399 453 499 536 578 629 631
3 42 108 138 177 233 286 329 360 400 454 500 537 579 588 632
4 43 109 139 178 234 287 330 361 401 455 501 538 580 589 633
5 44 110 140 179 235 288 331 362 402 456 502 539 581 590 634
6 45 111 141 180 236 289 332 363 403 457 503 540 582 591 635
7 46 112 142 181 237 290 333 364 404 458 462 541 583 592 636
8 47 113 143 182 238 291 334 365 405 459 463 542 584 593 637
9 48 114 144 183 239 292 335 366 406 460 464 543 585 594 638
10 49 115 145 184 240 293 294 367 407 461 465 544 586 595 639
11 50 116 146 185 241 252 295 368 408 420 466 545 587 596 640
12 51 117 147 186 242 253 296 369 409 421 467 504 546 597 641
13 52 118 148 187 243 254 297 370 410 422 468 505 547 598 642
14 53 119 149 188 244 255 298 371 411 423 469 506 548 599 643
15 54 120 150 189 245 256 299 372 412 424 470 507 549 600 644
16 55 121 151 190 246 257 300 373 413 425 471 508 550 601 645
17 56 122 152 191 247 258 301 374 414 426 472 509 551 602 646
18 57 123 153 192 248 259 302 375 415 427 473 510 552 603 647
19 58 124 154 193 249 260 303 376 416 428 474 511 553 604 648
20 59 125 155 194 250 261 304 377 417 429 475 512 554 605 649
21 60 84 156 195 251 262 305 336 418 430 476 513 555 606 650
22 61 85 157 196 210 263 306 337 419 431 477 514 556 607 651
23 62 86 158 197 211 264 307 338 378 432 478 515 557 608 652
24 63 87 159 198 212 265 308 339 379 433 479 516 558 609 653
