46 49 199 227 295 312 
47 50 200 228 296 313 
24 51 201 229 297 314 
25 52 202 230 298 315 
26 53 203 231 299 316 
27 54 204 232 300 317 
28 55 205 233 301 318 
29 56 206 234 302 319 
30 57 207 235 303 320 
31 58 208 236 304 321 
32 59 209 237 305 322 
33 60 210 238 306 323 
34 61 211 239 307 324 
35 62 212 216 308 325 
36 63 213 217 309 326 
37 64 214 218 310 327 
38 65 215 219 311 328 
39 66 192 220 288 329 
40 67 193 221 289 330 
41 68 194 222 290 331 
42 69 195 223 291 332 
43 70 196 224 292 333 
44 71 197 225 293 334 
45 48 198 226 294 335 
13 71 209 217 360 384 
14 48 210 218 361 385 
15 49 211 219 362 386 
16 50 212 220 363 387 
17 51 213 221 364 388 
18 52 214 222 365 389 
19 53 215 223 366 390 
20 54 192 224 367 391 
21 55 193 225 368 392 
22 56 194 226 369 393 
23 57 195 227 370 394 
0 58 196 228 371 395 
1 59 197 229 372 396 
2 60 198 230 373 397 
3 61 199 231 374 398 
4 62 200 232 375 399 
5 63 201 233 376 400 
6 64 202 234 377 401 
7 65 203 235 378 402 
8 66 204 236 379 403 
9 67 205 237 380 404 
10 68 206 238 381 405 
11 69 207 239 382 406 
12 70 208 216 383 407 
63 156 233 240 384 408 
64 157 234 241 385 409 
65 158 235 242 386 410 
66 159 236 243 387 411 
67 160 237 244 388 412 
68 161 238 245 389 413 
69 162 239 246 390 414 
70 163 216 247 391 415 
71 164 217 248 392 416 
48 165 218 249 393 417 
49 166 219 250 394 418 
50 167 220 251 395 419 
51 144 221 252 396 420 
52 145 222 253 397 421 
53 146 223 254 398 422 
54 147 224 255 399 423 
55 148 225 256 400 424 
56 149 226 257 401 425 
57 150 227 258 402 426 
58 151 228 259 403 427 
59 152 229 260 404 428 
60 153 230 261 405 429 
61 154 231 262 406 430 
62 155 232 263 407 431 
71 77 230 258 432 456 
48 78 231 259 433 457 
49 79 232 260 434 458 
50 80 233 261 435 459 
51 81 234 262 436 460 
52 82 235 263 437 461 
53 83 236 240 438 462 
54 84 237 241 439 463 
55 85 238 242 440 464 
56 86 239 243 441 465 
57 87 216 244 442 466 
58 88 217 245 443 467 
59 89 218 246 444 468 
60 90 219 247 445 469 
61 91 220 248 446 470 
62 92 221 249 447 471 
63 93 222 250 448 472 
64 94 223 251 449 473 
65 95 224 252 450 474 
66 72 225 253 451 475 
67 73 226 254 452 476 
68 74 227 255 453 477 
69 75 228 256 454 478 
70 76 229 257 455 479 
35 49 146 239 456 480 
36 50 147 216 457 481 
37 51 148 217 458 482 
38 52 149 218 459 483 
39 53 150 219 460 484 
40 54 151 220 461 485 
41 55 152 221 462 486 
42 56 153 222 463 487 
43 57 154 223 464 488 
44 58 155 224 465 489 
45 59 156 225 466 490 
46 60 157 226 467 491 
47 61 158 227 468 492 
24 62 159 228 469 493 
25 63 160 229 470 494 
26 64 161 230 471 495 
27 65 162 231 472 496 
28 66 163 232 473 497 
29 67 164 233 474 498 
30 68 165 234 475 499 
31 69 166 235 476 500 
32 70 167 236 477 501 
33 71 144 237 478 502 
34 48 145 238 479 503 
142 179 262 264 504 528 
143 180 263 265 505 529 
120 181 240 266 506 530 
121 182 241 267 507 531 
122 183 242 268 508 532 
123 184 243 269 509 533 
124 185 244 270 510 534 
125 186 245 271 511 535 
126 187 246 272 512 536 
127 188 247 273 513 537 
128 189 248 274 514 538 
129 190 249 275 515 539 
130 191 250 276 516 540 
131 168 251 277 517 541 
132 169 252 278 518 542 
133 170 253 279 519 543 
134 171 254 280 520 544 
135 172 255 281 521 545 
136 173 256 282 522 546 
137 174 257 283 523 547 
138 175 258 284 524 548 
139 176 259 285 525 549 
140 177 260 286 526 550 
141 178 261 287 527 551 
55 89 207 217 528 552 
56 90 208 218 529 553 
57 91 209 219 530 554 
58 92 210 220 531 555 
59 93 211 221 532 556 
60 94 212 222 533 557 
61 95 213 223 534 558 
62 72 214 224 535 559 
63 73 215 225 536 560 
64 74 192 226 537 561 
65 75 193 227 538 562 
66 76 194 228 539 563 
67 77 195 229 540 564 
68 78 196 230 541 565 
69 79 197 231 542 566 
70 80 198 232 543 567 
71 81 199 233 544 568 
48 82 200 234 545 569 
49 83 201 235 546 570 
50 84 202 236 547 571 
51 85 203 237 548 572 
52 86 204 238 549 573 
53 87 205 239 550 574 
54 88 206 216 551 575 
19 138 185 266 295 552 
20 139 186 267 296 553 
21 140 187 268 297 554 
22 141 188 269 298 555 
23 142 189 270 299 556 
0 143 190 271 300 557 
1 120 191 272 301 558 
2 121 168 273 302 559 
3 122 169 274 303 560 
4 123 170 275 304 561 
5 124 171 276 305 562 
6 125 172 277 306 563 
7 126 173 278 307 564 
8 127 174 279 308 565 
9 128 175 280 309 566 
10 129 176 281 310 567 
11 130 177 282 311 568 
12 131 178 283 288 569 
13 132 179 284 289 570 
14 133 180 285 290 571 
15 134 181 286 291 572 
16 135 182 287 292 573 
17 136 183 264 293 574 
18 137 184 265 294 575 
27 142 151 177 276 312 336 
28 143 152 178 277 313 337 
29 120 153 179 278 314 338 
30 121 154 180 279 315 339 
31 122 155 181 280 316 340 
32 123 156 182 281 317 341 
33 124 157 183 282 318 342 
34 125 158 184 283 319 343 
35 126 159 185 284 320 344 
36 127 160 186 285 321 345 
37 128 161 187 286 322 346 
38 129 162 188 287 323 347 
39 130 163 189 264 324 348 
40 131 164 190 265 325 349 
41 132 165 191 266 326 350 
42 133 166 168 267 327 351 
43 134 167 169 268 328 352 
44 135 144 170 269 329 353 
45 136 145 171 270 330 354 
46 137 146 172 271 331 355 
47 138 147 173 272 332 356 
24 139 148 174 273 333 357 
25 140 149 175 274 334 358 
26 141 150 176 275 335 359 
72 118 129 177 264 336 360 
73 119 130 178 265 337 361 
74 96 131 179 266 338 362 
75 97 132 180 267 339 363 
76 98 133 181 268 340 364 
77 99 134 182 269 341 365 
78 100 135 183 270 342 366 
79 101 136 184 271 343 367 
80 102 137 185 272 344 368 
81 103 138 186 273 345 369 
82 104 139 187 274 346 370 
83 105 140 188 275 347 371 
84 106 141 189 276 348 372 
85 107 142 190 277 349 373 
86 108 143 191 278 350 374 
87 109 120 168 279 351 375 
88 110 121 169 280 352 376 
89 111 122 170 281 353 377 
90 112 123 171 282 354 378 
91 113 124 172 283 355 379 
92 114 125 173 284 356 380 
93 115 126 174 285 357 381 
94 116 127 175 286 358 382 
95 117 128 176 287 359 383 
118 136 178 271 288 408 432 
119 137 179 272 289 409 433 
96 138 180 273 290 410 434 
97 139 181 274 291 411 435 
98 140 182 275 292 412 436 
99 141 183 276 293 413 437 
100 142 184 277 294 414 438 
101 143 185 278 295 415 439 
102 120 186 279 296 416 440 
103 121 187 280 297 417 441 
104 122 188 281 298 418 442 
105 123 189 282 299 419 443 
106 124 190 283 300 420 444 
107 125 191 284 301 421 445 
108 126 168 285 302 422 446 
109 127 169 286 303 423 447 
110 128 170 287 304 424 448 
111 129 171 264 305 425 449 
112 130 172 265 306 426 450 
113 131 173 266 307 427 451 
114 132 174 267 308 428 452 
115 133 175 268 309 429 453 
116 134 176 269 310 430 454 
117 135 177 270 311 431 455 
12 107 120 187 267 480 504 
13 108 121 188 268 481 505 
14 109 122 189 269 482 506 
15 110 123 190 270 483 507 
16 111 124 191 271 484 508 
17 112 125 168 272 485 509 
18 113 126 169 273 486 510 
19 114 127 170 274 487 511 
20 115 128 171 275 488 512 
21 116 129 172 276 489 513 
22 117 130 173 277 490 514 
23 118 131 174 278 491 515 
0 119 132 175 279 492 516 
1 96 133 176 280 493 517 
2 97 134 177 281 494 518 
3 98 135 178 282 495 519 
4 99 136 179 283 496 520 
5 100 137 180 284 497 521 
6 101 138 181 285 498 522 
7 102 139 182 286 499 523 
8 103 140 183 287 500 524 
9 104 141 184 264 501 525 
10 105 142 185 265 502 526 
11 106 143 186 266 503 527 